stop_id,shelter,washroom,bike_rack,bench
02896,0,0,0,0
02895,0,0,0,0
02894,1,0,0,0
02893,1,0,0,0
02891,1,0,0,0
02890,1,0,0,0
02888,0,0,0,0
02887,1,0,0,0
02886,0,0,0,0
02884,0,0,0,0
02883,0,0,0,0
02882,0,0,0,0
02881,0,0,0,0
02880,0,0,0,0
02875,0,0,0,0
02874,0,0,0,0
02873,0,0,0,0
02872,0,0,0,0
08049,1,1,1,1
02871,0,0,0,0
02870,0,0,0,0
02869,0,0,0,0
02863,0,0,0,0
02862,0,0,0,0
02861,0,0,0,0
CF,1,0,1,0
08048,0,0,0,0
02859,0,0,0,0
02858,0,0,0,0
02857,0,0,0,0
02856,0,0,0,0
02848,0,0,0,0
02847,0,0,0,0
02846,0,0,0,0
02845,0,0,0,0
02843,0,0,0,0
02842,0,0,0,0
02840,0,0,0,0
MD,1,1,1,1
02839,0,0,0,0
02838,0,0,0,0
02837,0,0,0,0
02835,1,0,1,0
02834,0,0,0,0
08045,1,0,1,0
02831,1,1,1,0
02830,1,0,1,0
02829,0,0,0,0
02828,0,0,0,0
02827,0,0,0,0
02826,0,0,0,0
02821,0,0,0,0
02820,0,0,0,0
02819,0,0,0,0
02818,0,0,0,0
08044,1,1,1,1
08043,0,0,0,0
08042,1,1,1,1
08041,1,1,1,1
02817,1,0,0,0
02816,1,0,0,0
02815,0,0,0,0
02814,0,0,0,0
02813,0,0,0,0
02812,0,0,0,0
02811,0,0,0,0
02810,0,0,0,0
02809,0,0,0,0
02808,0,0,0,0
02807,0,0,0,0
02806,0,0,0,0
02804,0,0,0,0
02803,0,0,0,0
02802,0,0,0,0
02801,0,0,0,0
02800,0,0,0,0
02799,0,0,0,0
02798,0,0,0,0
02797,0,0,0,0
02796,0,0,0,0
02795,0,0,0,0
02794,0,0,0,0
02793,0,0,0,0
02792,0,0,0,0
02791,0,0,0,0
02790,0,0,0,0
02789,0,0,0,0
02788,0,0,0,0
02787,0,0,0,0
LN,0,0,0,0
SF,0,0,0,0
02786,0,0,0,0
02785,0,0,0,0
02784,0,0,0,0
02783,0,0,0,0
02782,0,0,0,0
02781,0,0,0,0
02780,0,0,0,0
02779,0,0,0,0
02778,0,1,0,1
02777,0,0,0,0
02776,0,0,0,0
02775,1,1,1,1
02772,0,0,0,0
02771,0,0,0,0
02768,0,0,0,0
BM,1,1,1,1
02767,1,1,1,1
02766,0,0,0,0
02765,0,0,0,0
02764,0,0,0,0
02763,0,0,0,0
7000,0,0,0,0
02761,0,0,0,0
02760,0,0,0,0
02759,0,0,0,0
02757,0,0,0,0
02756,0,0,0,0
02755,0,0,0,0
02754,0,0,0,0
02753,0,1,1,1
02752,0,1,1,1
02751,0,1,1,1
02750,0,0,0,0
02300,0,1,1,1
02749,0,0,0,0
02748,0,0,0,0
02747,0,0,0,0
02746,0,0,0,0
02745,0,0,0,0
02744,0,0,0,0
02743,0,0,0,0
02742,0,0,0,0
02741,0,0,0,0
02740,0,0,0,0
02739,0,0,0,0
02738,0,0,0,0
02737,0,0,0,0
02736,0,0,0,0
02735,0,0,0,0
02734,0,0,0,0
02733,0,0,0,0
02732,0,0,0,0
02731,0,0,0,0
02730,1,0,1,0
02729,0,0,1,0
02728,1,1,1,1
02726,0,0,0,0
02725,0,0,0,0
02722,0,0,0,0
02721,0,0,0,0
02720,0,0,0,0
02719,0,0,0,0
02718,0,0,0,0
02717,0,0,0,0
02716,0,0,0,0
02715,0,0,0,0
02714,0,0,0,0
02713,0,0,0,0
02712,0,0,0,0
02711,0,0,0,0
02710,0,0,0,0
02709,0,0,0,0
02708,0,0,0,0
02706,0,0,0,0
02702,0,0,0,0
02696,0,0,0,0
02695,0,0,0,0
02694,0,0,0,0
02693,0,0,0,0
02692,0,0,0,0
02691,0,0,0,0
02690,0,0,0,0
02689,0,0,0,0
02688,0,0,0,0
02687,0,0,0,0
02686,0,0,0,0
02684,0,0,0,0
02680,0,0,0,0
02679,0,0,0,0
02678,0,0,0,0
02677,0,0,0,0
02675,0,0,0,0
02674,0,1,0,0
02673,0,1,0,0
02672,0,0,0,0
DW,1,0,1,1
02669,0,0,0,0
02668,0,0,0,0
02667,0,0,1,0
02666,0,0,1,0
02665,0,0,0,0
02663,0,0,0,0
02662,0,0,0,0
02661,1,1,1,0
02660,1,1,1,0
02659,1,0,1,0
02658,1,0,1,0
02655,0,0,0,0
02654,0,0,0,0
02653,0,0,0,0
02652,0,1,1,0
02651,0,0,0,0
02650,0,0,0,0
02649,0,0,0,0
02648,0,0,0,0
02646,0,0,0,0
02645,0,0,0,0
02644,0,0,0,0
02643,0,1,1,0
02642,0,1,1,0
02637,0,0,0,0
02636,1,0,1,0
02635,1,0,1,0
GO,1,0,1,0
02634,0,0,0,0
02632,0,0,0,0
02629,1,0,1,0
02628,0,0,0,0
02627,0,0,0,0
02626,0,0,0,0
02625,0,0,1,0
02621,1,0,1,1
02620,1,0,1,1
02619,1,0,0,1
02618,0,0,0,0
02617,0,0,1,0
02616,0,0,0,0
02615,0,0,0,1
02614,1,0,0,1
02613,0,0,0,1
02612,0,0,0,1
02611,0,0,0,1
02610,0,0,0,1
02609,0,0,0,1
02608,1,0,0,1
02607,0,0,0,0
02605,1,0,0,1
02602,0,0,0,0
02601,0,0,0,0
02600,0,0,0,0
02599,0,0,0,0
02216,1,0,1,1
02598,0,0,0,0
02597,0,0,0,0
02596,0,0,0,0
02595,0,0,0,0
02594,0,0,0,0
02593,0,0,0,0
02592,0,0,0,0
02591,0,0,0,0
02590,0,0,0,0
02589,0,0,0,0
02587,0,0,0,0
02586,1,0,0,1
02585,0,0,0,0
02584,0,0,0,0
02583,0,0,0,0
02582,0,0,0,0
02580,1,0,0,1
02579,1,0,0,1
04441,0,0,0,0
04440,0,0,0,0
04133,0,0,0,0
04132,0,0,0,0
04131,0,0,0,0
04130,0,0,0,0
02577,1,0,0,1
02576,1,0,0,1
02575,0,0,0,0
02574,1,0,0,1
02415,0,0,0,0
02414,0,0,0,0
02573,0,0,0,0
02572,0,0,0,0
02571,1,0,1,1
02569,0,0,0,0
02568,0,0,0,0
02567,0,0,0,0
02545,0,0,0,0
02544,1,0,0,1
02543,1,0,0,1
02542,1,0,0,1
02541,1,0,0,1
02540,1,0,0,1
02539,1,0,0,1
02538,1,0,1,1
02537,0,0,0,0
02535,1,0,0,1
02534,0,0,0,0
02533,0,0,0,0
00738,0,0,0,0
02531,0,0,0,0
02530,1,0,0,1
00736,1,1,1,1
00735,1,0,0,0
00734,0,0,0,0
00152,0,0,0,0
02529,1,1,1,0
02215,1,0,1,1
02214,1,0,1,1
02213,1,0,1,1
00992,1,0,0,1
00991,0,0,0,0
00990,1,0,0,1
00989,0,0,0,0
WR,0,1,1,0
07012,0,0,0,0
02210,1,0,1,1
02209,1,0,0,1
02208,1,0,0,1
00981,0,0,0,0
09921,0,0,0,0
09742,0,0,0,0
09681,0,0,0,0
09631,0,0,0,0
09191,0,1,0,0
09091,1,1,1,0
09081,0,0,0,0
09052,1,1,1,0
09051,1,1,1,0
09041,0,1,1,0
02205,0,0,0,0
02204,0,0,0,0
00359,1,1,1,0
02161,0,1,1,0
00202,1,0,1,0
00341,1,1,1,1
00129,1,1,1,1
00148,1,1,1,1
00189,1,1,1,1
00188,1,0,1,0
00187,1,1,1,0
00194,1,1,1,1
00345,1,1,1,1
02160,1,0,1,1
00276,1,1,1,1
00097,1,1,1,0
00081,1,1,1,1
02157,1,1,1,1
00028,1,1,1,1
00062,1,1,1,1
00060,1,0,0,0
00352,1,0,1,0
00117,0,0,1,0
00121,1,1,1,1
00122,1,0,1,1
00125,0,0,0,0
00128,1,1,1,1
00209,1,1,1,0
00296,1,1,1,1
00221,1,1,0,0
00054,1,1,1,0
00228,1,1,1,1
00159,1,1,1,1
00161,1,1,1,1
00147,1,1,1,1
00141,1,1,1,0
00180,1,1,1,1
00177,1,1,1,1
00263,1,1,1,1
00264,1,1,1,1
00137,1,1,1,1
00181,1,1,1,1
00182,1,1,1,0
9033,0,1,1,0
02413,1,1,1,0
00978,1,0,0,1
00977,1,0,0,1
00975,0,0,0,0
00732,0,0,0,0
00731,1,0,1,1
00730,0,0,0,0
00972,1,0,0,1
00971,1,0,0,1
02523,1,0,0,1
02522,1,0,0,1
01731,0,0,0,1
01729,1,0,0,1
01728,1,0,0,1
01727,1,0,0,1
01726,0,0,0,0
08040,0,0,0,0
00970,0,0,0,0
08039,0,0,0,0
00969,0,0,0,0
00968,0,0,0,0
00964,0,0,0,0
00963,0,0,0,0
00962,0,0,0,0
00960,0,0,0,0
00956,0,0,0,0
02202,1,0,0,1
01721,0,1,1,0
00955,1,1,1,0
02196,1,1,1,0
02194,1,0,0,1
02193,0,0,0,0
02192,0,0,0,0
02191,1,0,0,1
02190,0,0,0,0
01546,1,0,0,1
08035,0,0,0,0
08032,0,0,1,0
08030,1,0,0,1
08029,0,0,0,0
08025,0,0,0,0
08024,0,0,0,0
08021,0,0,0,0
08020,0,0,0,0
08012,1,1,1,0
08010,1,1,1,0
08006,1,1,1,0
08005,0,0,0,0
08004,0,0,0,0
08002,1,1,1,0
08001,1,0,0,0
02187,0,0,0,0
02186,1,1,1,1
02408,1,0,1,1
01488,0,0,0,0
01487,0,0,0,0
01486,0,0,0,0
01485,0,0,0,0
01484,0,0,0,0
01483,0,0,0,1
01482,0,0,0,0
01481,1,0,0,1
00729,1,0,0,1
00728,0,0,1,0
00727,0,0,0,0
00726,1,0,0,1
00368,1,0,0,1
00367,1,0,1,1
00366,1,0,0,0
00365,1,0,1,1
00363,1,0,0,0
USBT,1,1,1,0
00031,1,1,1,0
01545,0,0,0,0
01462,1,0,0,1
01461,0,0,0,0
01459,1,0,0,1
01458,0,0,0,0
01457,0,0,0,0
01456,0,0,0,0
02521,1,0,0,1
02520,1,0,0,1
02407,1,0,0,0
02185,0,0,0,1
02184,1,0,0,1
01455,0,0,0,0
01025,0,0,0,0
01024,1,0,0,1
00360,0,0,0,0
02519,1,0,1,0
02518,1,0,0,1
02517,0,0,0,0
02412,0,0,0,0
02179,0,0,0,0
00952,0,0,0,0
02177,0,0,0,0
02175,0,0,0,0
02174,1,0,0,1
02173,0,0,0,0
02172,0,0,0,0
01454,1,0,0,1
02163,1,0,1,1
02162,1,0,1,1
01452,1,0,1,1
00358,1,0,0,1
AD,1,0,1,0
02513,0,0,0,1
02512,0,0,0,1
02510,0,0,0,0
02509,0,0,0,0
02508,0,0,0,0
02507,0,0,0,0
02506,0,0,0,0
02505,1,0,0,1
02504,1,0,0,1
02503,1,0,0,1
02502,1,1,1,1
02501,1,0,0,1
02406,1,0,0,1
02405,1,0,0,1
02404,1,0,1,1
02403,0,0,0,0
02402,1,0,0,0
02401,1,1,1,0
02400,0,1,1,0
02158,1,0,0,1
02155,0,0,0,0
02153,1,0,0,1
02151,1,0,1,1
02150,1,0,0,1
02149,0,1,1,0
02148,1,0,1,1
02147,0,1,1,0
02145,0,0,0,0
02144,0,0,0,0
02141,0,0,0,0
02140,0,0,0,0
02139,1,0,0,1
02138,0,0,0,0
02135,0,0,0,0
02134,0,0,0,0
02130,0,0,0,0
02128,0,0,1,0
02127,1,0,1,1
02126,0,0,0,1
02118,0,0,0,0
02116,1,0,0,1
02111,0,0,0,0
02110,0,0,0,0
02109,0,0,0,0
02108,0,0,0,0
02105,0,0,0,0
02104,0,0,0,0
02103,0,0,0,0
02102,0,0,0,0
02101,0,0,0,0
02100,1,0,0,1
02097,0,0,0,0
02096,1,0,1,1
02095,1,0,0,1
02093,0,0,0,0
02092,0,0,0,0
02088,0,0,0,0
02084,0,0,0,0
02081,1,0,1,1
02079,1,0,1,1
02078,1,0,0,1
02072,1,0,0,1
02071,1,0,0,1
02069,1,0,0,1
02068,0,0,0,0
02061,0,0,0,0
02060,0,0,0,0
02059,0,0,0,0
02058,0,0,0,0
02057,0,0,0,0
02056,0,0,0,0
02052,1,0,1,1
02046,0,0,0,0
02043,1,0,0,1
02041,0,0,0,0
02035,1,0,0,1
02033,0,0,0,0
02032,1,0,0,1
02029,1,0,0,1
02028,1,0,0,1
02027,0,0,0,0
02026,0,0,0,0
02024,0,0,0,0
02023,0,0,0,0
02021,1,0,0,1
02020,0,0,0,0
02019,0,0,0,0
02018,0,0,0,0
02015,1,0,0,1
02012,1,0,0,1
02010,0,0,0,0
02004,1,0,1,1
02003,0,0,0,0
01998,0,0,0,0
01997,0,0,0,0
01996,0,0,0,0
01994,0,0,0,0
01993,0,0,0,0
01988,1,0,0,1
01987,0,0,0,0
01986,1,0,1,1
01985,1,0,0,1
01982,0,0,0,0
01979,1,0,1,1
01974,0,0,0,0
01973,0,0,0,0
01972,0,0,0,0
01970,0,0,0,0
01969,0,0,0,0
01939,0,0,0,0
01937,0,0,0,0
01926,0,0,0,0
01925,0,0,0,0
01924,0,0,0,0
01905,0,0,0,0
01888,1,0,0,1
01887,1,0,0,1
01886,0,0,0,0
01882,0,0,0,0
01881,0,0,0,0
01878,1,0,0,1
01877,0,0,0,0
01876,0,0,0,0
01875,0,0,0,0
01874,0,0,0,0
01872,0,0,0,0
01867,0,0,0,0
01865,0,0,0,0
01864,0,0,0,0
01862,0,0,0,0
01861,1,0,0,1
01860,1,0,0,1
01848,0,0,0,0
01846,0,0,0,0
01842,0,0,0,0
01838,0,0,0,0
01835,0,0,0,0
01834,0,0,0,0
01833,0,0,0,0
01830,0,0,0,0
01825,0,0,0,0
01822,0,0,0,0
01821,1,1,1,0
01820,0,0,0,0
01819,0,0,0,0
01818,0,0,0,0
01816,0,0,0,0
01814,0,0,0,0
01813,0,0,0,0
01812,0,0,0,0
01811,0,0,0,0
01810,0,0,0,0
01807,0,0,0,0
01805,1,0,0,1
01804,0,0,0,1
01803,0,0,0,0
01802,0,0,0,0
01801,0,0,0,0
01800,0,0,0,0
01720,0,0,0,0
01719,0,0,0,0
01718,0,0,0,0
01716,1,0,0,1
01715,1,0,0,1
01714,1,0,0,1
01713,1,0,0,1
01712,1,0,0,1
01711,1,0,0,1
01709,0,0,0,0
01708,0,0,0,0
01707,1,0,0,1
01706,1,0,0,1
01705,0,0,0,0
01704,1,0,0,1
01703,1,0,0,1
01702,1,0,0,1
01701,1,0,0,1
01662,0,0,0,0
01661,0,0,1,0
01660,1,0,0,1
01659,0,0,0,0
01658,0,0,0,0
01657,1,0,0,1
01655,1,0,0,1
01654,1,0,1,1
01653,0,0,0,0
01652,0,0,0,0
01651,1,0,0,1
01650,0,0,0,0
01647,1,0,0,1
01646,0,0,0,0
01645,0,0,0,0
01644,1,0,0,0
01641,0,0,0,0
01640,0,0,0,0
01638,0,0,0,0
01637,0,0,0,0
01636,0,0,0,0
01634,0,0,0,0
01633,0,0,0,0
01632,0,0,0,0
01631,0,0,0,0
01630,0,0,0,0
01628,0,0,0,0
01619,0,0,0,0
01616,0,0,0,0
01614,0,0,0,0
01611,0,0,0,0
01610,0,0,0,0
01544,0,0,0,0
01543,0,0,0,0
01541,0,0,0,0
01540,0,0,0,0
01538,0,0,0,1
01536,0,0,0,1
01535,1,0,0,0
01534,1,0,0,1
01533,0,0,0,0
01532,1,0,0,1
01528,0,0,0,1
01527,0,0,0,1
01526,0,0,0,0
01525,0,0,0,1
01524,1,0,0,1
01522,0,0,0,0
01521,0,0,0,1
01515,0,0,0,0
01514,1,0,0,1
01508,0,0,0,0
01507,0,0,0,0
01506,0,0,0,0
01505,0,0,0,0
01504,0,0,0,0
01449,0,0,0,0
01448,1,0,0,1
01447,1,0,0,1
01446,1,0,0,1
01445,1,0,0,1
01444,1,0,0,1
01440,1,0,0,1
01439,1,0,0,1
01438,1,0,0,1
01437,0,0,0,0
01436,1,0,1,1
01426,1,0,0,1
01423,0,0,0,0
01422,0,0,0,0
01421,0,0,0,0
01419,0,0,0,0
01414,0,0,0,0
01410,1,0,0,1
01408,1,0,0,1
01407,1,0,0,1
01405,1,0,0,1
01404,0,0,0,0
01400,0,0,0,0
01399,0,0,0,0
01398,0,0,0,1
01397,0,0,0,0
01395,0,0,0,0
01392,0,0,0,0
01391,0,0,0,0
01385,0,0,0,0
01384,0,0,0,0
01374,1,0,0,1
01373,1,0,0,1
01372,0,0,0,0
01368,0,0,0,0
01365,0,0,0,0
01363,0,0,0,0
01362,1,0,0,1
01360,1,0,0,1
01359,0,0,0,0
01358,1,0,0,1
01357,1,0,0,1
01356,1,0,0,1
01349,0,0,0,0
01346,0,0,0,0
01342,0,0,0,0
01340,0,0,0,0
01333,0,0,0,0
01332,0,0,0,0
01327,0,0,0,0
01326,0,0,0,0
01325,1,0,0,1
01322,0,0,0,0
01321,1,0,0,1
01320,0,0,0,0
01317,1,0,1,1
01316,0,0,0,0
01313,1,0,0,1
01312,0,0,0,0
01311,1,0,0,0
01307,0,0,0,1
01306,0,0,0,0
01302,0,0,0,0
01299,0,0,0,0
01296,0,0,0,0
01292,0,0,0,0
01291,0,0,0,0
01290,0,0,0,0
01288,0,0,0,0
01287,0,0,0,0
01285,0,0,0,0
01282,0,0,0,0
01281,0,0,0,0
01271,1,0,0,1
01266,0,0,0,0
01264,0,0,0,0
01263,0,0,0,0
01261,1,0,0,1
01258,1,0,0,1
01256,0,0,0,1
01255,0,0,0,1
01247,1,0,0,1
01246,0,0,0,0
01245,0,0,0,0
01244,0,0,0,0
01243,1,0,0,1
01242,0,0,0,0
01240,0,0,0,0
01239,0,0,0,0
01237,1,0,0,0
01236,0,0,0,0
01235,1,0,0,1
01234,1,0,0,1
01231,0,0,0,0
01230,0,0,0,0
01219,0,0,0,0
01218,0,0,0,0
01215,0,0,0,0
01208,0,0,0,0
01205,0,0,0,0
01204,1,0,0,1
01203,0,0,0,0
01202,1,0,0,1
01200,0,0,0,0
01198,1,0,0,1
01197,1,0,0,1
01196,0,0,0,0
01195,1,0,0,1
01193,0,0,0,0
01192,1,0,0,1
01191,1,0,0,1
01185,1,0,0,1
01184,0,0,0,0
01183,0,0,0,0
01180,0,0,0,0
01178,0,0,0,0
01177,0,0,0,0
01176,0,0,0,0
01174,1,0,0,1
01173,0,0,0,0
01172,1,0,0,1
01171,0,0,0,1
01170,1,0,0,1
01165,1,0,0,1
01163,0,0,0,0
01161,1,0,0,1
01160,0,0,0,0
01159,0,0,0,0
01158,0,0,0,0
01157,0,0,0,0
01154,0,0,0,0
01153,1,0,0,1
01151,0,0,0,0
01150,1,0,0,1
01149,0,0,0,0
01147,0,0,0,0
01146,0,0,0,0
01144,0,0,0,0
01140,0,0,0,1
01139,0,0,0,0
01138,0,0,0,0
01137,0,0,0,0
01136,1,0,0,1
01135,1,0,0,0
01134,1,0,0,1
01131,0,0,0,0
01130,0,0,0,0
01123,0,0,0,0
01122,0,0,0,0
01120,0,0,0,0
01112,0,0,0,0
01020,0,0,0,0
01017,1,0,0,0
01016,0,0,0,0
01014,0,0,0,0
01012,0,0,0,0
01010,0,0,0,0
01009,1,0,0,1
01008,1,0,0,1
01006,0,0,0,0
01005,1,0,0,1
01004,1,0,0,1
01002,1,0,0,1
00949,0,0,0,0
00945,0,0,0,0
00944,1,0,0,0
00943,0,0,0,0
00942,1,0,0,1
00939,1,0,0,1
00938,1,0,1,1
00936,1,0,0,0
00934,1,0,0,0
00933,0,0,0,0
00932,0,0,0,0
00931,0,0,0,0
00930,0,0,0,0
00929,0,0,0,0
00918,0,0,0,0
00916,1,0,0,0
00915,0,0,0,0
00913,0,0,0,0
00912,0,0,0,0
00911,0,0,0,0
00910,1,0,0,0
00907,1,0,0,0
00904,1,0,0,0
00903,1,0,0,0
00902,1,0,0,1
00901,1,0,0,0
00900,1,0,0,0
00897,1,0,0,0
00896,1,0,0,1
00895,0,0,0,0
00894,1,0,0,1
00893,1,0,0,1
00892,1,0,0,1
00891,1,0,0,1
00890,0,0,0,0
00889,0,0,0,0
00888,0,0,0,0
00887,0,0,0,0
00886,0,0,0,0
00885,1,0,0,0
00884,0,0,0,0
00883,1,0,0,0
00882,1,0,0,0
00881,1,0,0,0
00880,1,0,0,0
00879,1,0,0,0
00878,0,0,0,0
00877,1,0,0,0
00876,1,0,0,0
00875,1,0,0,0
00871,1,0,0,0
00870,1,0,0,0
00868,0,0,1,0
00867,0,0,0,0
00866,0,0,0,1
00865,0,0,0,0
00864,0,0,1,1
00863,1,0,0,0
00862,0,0,0,0
00861,0,0,0,0
00857,0,0,0,0
00856,1,0,0,0
00854,0,0,0,0
00853,0,0,0,0
00846,0,0,0,0
00844,0,0,0,0
00842,0,0,0,0
00841,0,0,0,0
00839,0,0,0,0
00838,0,0,0,0
00837,0,0,0,0
00834,0,0,0,0
00833,0,0,0,0
00832,0,0,0,0
00830,0,0,0,0
00828,0,0,0,0
00827,0,0,0,0
00824,0,0,0,0
00823,0,0,0,0
00821,0,0,0,0
00820,1,0,0,1
00819,1,0,0,1
00818,0,0,0,0
00816,0,0,0,0
00815,1,0,0,1
00812,0,0,0,0
00810,0,0,0,0
00809,0,0,0,0
00808,0,0,0,0
00807,0,0,0,0
00806,0,0,0,0
00804,1,0,0,1
00803,0,0,0,0
00802,0,0,0,0
00723,0,0,0,0
00722,1,0,0,0
00721,0,0,0,0
00716,1,0,0,0
00714,1,0,0,1
00711,0,0,0,0
00709,0,0,0,0
00708,0,0,0,0
00702,0,0,0,0
00700,0,0,0,0
00699,0,0,0,0
00698,0,0,0,0
00695,1,0,0,1
00694,1,0,0,1
00693,0,0,0,0
00692,1,0,0,1
00689,0,0,0,0
00681,0,0,0,0
00680,1,0,0,0
00678,0,0,0,0
00677,0,0,0,0
00657,0,0,0,0
00651,0,0,0,0
00645,1,0,0,0
00634,1,0,1,1
00633,1,0,1,1
00632,1,0,0,0
00623,1,0,0,1
00622,1,0,0,1
00602,0,0,0,0
00601,0,0,0,0
00598,1,0,0,0
00594,1,0,0,0
00591,1,0,0,0
00590,0,0,0,1
00589,0,0,0,0
00588,0,0,0,0
00584,1,0,0,0
00577,0,0,0,0
00576,0,0,0,0
00575,0,0,0,0
00574,1,0,0,0
00557,0,0,0,0
00555,0,0,0,0
00554,0,0,0,0
00553,0,0,0,0
00550,1,0,0,0
00549,1,0,0,0
00546,0,0,0,0
00545,0,0,0,0
00543,1,0,0,0
00541,1,0,1,1
00540,0,0,0,0
00538,1,0,0,0
00537,0,0,0,0
00536,0,0,0,0
00535,0,0,0,0
00534,1,0,0,0
00531,0,0,0,0
00522,0,0,0,0
00521,0,0,0,0
00520,1,0,0,0
00519,0,0,0,0
00516,1,0,0,0
00515,1,0,0,0
00513,0,0,0,0
00512,0,0,0,0
00509,1,0,0,0
00462,1,0,0,1
00457,0,0,0,0
00453,0,0,0,0
00452,0,0,0,0
00451,0,0,0,0
00450,1,0,0,0
00449,1,0,0,0
00447,1,0,0,0
00446,1,0,0,0
00445,1,0,0,0
00444,0,0,0,0
00443,1,0,0,0
00441,1,0,0,0
00437,0,0,0,0
00434,0,0,0,0
00433,0,0,0,0
00432,0,0,0,0
00429,1,0,0,1
00428,1,0,0,0
00426,0,0,0,0
00418,1,0,0,0
00411,1,0,0,0
00410,1,0,0,0
00406,0,0,0,0
00402,0,0,0,0
00355,1,0,0,0
00354,1,0,0,1
00351,1,0,0,0
00350,1,1,1,1
00349,1,0,1,1
00347,0,0,0,0
00346,1,0,0,1
00344,1,0,1,1
00343,1,0,1,1
00342,1,0,0,1
00340,0,0,0,0
00338,0,0,0,0
00337,1,0,0,1
00334,1,0,0,1
00333,1,0,0,1
00332,1,0,0,1
00331,1,0,0,1
00329,1,0,0,1
00328,1,0,0,1
00327,1,0,0,1
00326,1,0,0,1
00325,1,0,0,1
00323,1,0,1,1
00322,1,0,1,1
00315,1,0,0,0
00314,1,0,1,1
00313,1,0,0,0
00312,1,0,1,1
PA,1,0,0,1
00310,1,0,1,1
00307,1,0,1,1
00306,1,0,1,1
00303,0,0,0,0
00302,1,0,1,1
00300,1,0,0,1
00299,1,0,0,1
00297,0,0,0,0
00292,1,0,0,1
00291,0,0,0,0
00261,0,0,0,0
00260,1,0,0,0
00258,0,0,0,1
00257,1,0,0,1
00256,1,1,1,0
00254,0,0,0,0
00253,0,0,0,0
00251,0,0,0,0
00250,0,0,0,1
00249,1,0,0,1
00245,1,0,0,0
00244,0,0,0,0
00243,0,0,0,0
00241,0,0,0,0
00238,1,0,0,0
00237,1,0,0,0
00232,0,0,0,0
00231,1,0,0,1
00227,1,0,0,1
00225,1,1,0,1
00223,1,0,0,1
00222,1,0,0,1
00218,0,0,0,0
00217,1,0,1,1
00216,1,0,0,1
00215,0,0,0,0
00214,0,0,0,0
00213,0,0,0,0
00211,1,0,0,1
00210,1,0,0,1
00204,1,0,0,1
00203,0,0,0,0
00201,1,0,1,1
00200,1,0,0,0
00197,1,0,0,1
00196,0,0,0,0
00195,1,0,0,0
00193,0,0,0,0
00192,0,0,0,0
00191,1,0,0,1
00190,1,0,0,1
00184,1,0,0,0
00183,1,0,0,0
00178,1,0,0,1
00174,1,0,1,1
00173,0,0,0,0
00171,1,0,1,1
00170,1,0,0,0
00168,1,0,0,0
00167,1,0,0,0
00166,1,0,0,0
00164,0,0,0,0
00163,0,0,0,0
00162,0,0,1,0
00158,1,0,0,0
00157,1,0,0,1
00156,0,0,0,0
00155,0,0,0,0
00154,0,0,0,0
00153,1,0,1,1
00151,0,0,0,0
00150,0,0,0,0
00149,0,0,0,0
00144,1,0,1,1
00143,0,0,0,0
00142,1,0,0,0
00139,1,0,1,0
00138,1,0,0,1
00136,1,0,0,0
00134,0,0,0,0
00133,1,1,0,1
00132,1,1,0,1
00131,0,0,0,0
00130,0,0,0,0
00127,0,0,0,0
00126,0,0,0,0
00124,1,0,0,1
00123,0,1,1,0
00118,0,0,0,0
00116,0,0,0,0
00115,0,0,0,0
00096,0,0,1,0
00093,0,0,0,1
00092,0,0,0,0
00091,1,0,0,0
00090,0,0,0,0
00088,0,0,0,0
00087,0,0,0,0
00086,1,1,1,0
00084,0,0,0,0
00083,0,0,0,0
00079,0,0,0,0
00077,1,0,0,0
00074,1,0,1,1
00073,1,0,0,1
00068,1,0,0,0
00066,1,0,0,0
00065,1,0,0,0
00064,1,0,0,0
00063,1,0,0,0
00061,1,0,0,0
00053,0,0,0,0
00051,0,0,0,0
00049,0,0,0,0
00044,0,0,0,0
00043,0,0,0,0
00038,0,0,0,0
00035,1,0,0,0
00032,1,0,0,0
00030,1,0,0,1
00029,0,1,0,0
00027,1,0,0,1
00026,0,0,0,0
00025,1,0,0,1
00021,1,0,0,1
00020,1,0,0,1
00019,0,1,1,1
00015,1,0,0,1
00014,0,0,0,0
00013,1,1,1,1
00012,0,0,0,0
00011,1,1,1,1
00008,1,0,0,1
00006,0,0,0,0
00005,1,0,0,1
00001,0,1,1,0
KI,1,1,1,0
GL,1,0,1,0
AC,1,0,1,1
NI,0,1,1,0
SCTH,1,0,1,0
LS,0,1,1,0
ME,1,1,1,0
SR,1,1,1,0
ER,1,1,1,0
CO,0,1,1,1
DI,1,1,1,0
KP,1,1,0,0
ML,1,1,1,0
BA,1,1,1,0
BD,1,0,1,0
EA,1,1,1,0
NE,1,0,1,0
AU,1,1,1,0
KC,1,1,1,0
MP,1,1,1,0
RU,1,1,1,0
YO,1,0,1,0
RI,1,1,1,0
LA,1,1,1,0
OL,1,1,1,0
OR,1,0,0,0
LI,1,0,1,0
ST,1,0,1,0
MJ,1,1,1,1
MR,1,1,1,0
CE,1,0,1,0
UI,1,1,1,1
MK,1,1,1,0
AG,1,1,1,0
KE,1,1,1,1
GE,1,1,1,0
MO,1,1,1,0
BR,1,1,1,0
BE,1,1,1,1
MA,1,1,1,0
ET,1,1,1,0
WE,1,1,1,1
BL,1,0,1,1
OS,1,1,1,0
WH,1,1,1,0
AJ,1,1,1,0
PIN,1,1,1,0
PIS,1,1,1,1
RO,1,1,1,0
GU,1,1,1,0
EG,1,1,1,0
SC,1,1,1,0
DA,1,1,1,0
HA,1,1,1,1
AL,1,1,1,0
BU,1,1,1,0
AP,1,1,1,0
BO,1,1,1,0
OA,1,1,1,0
CL,1,1,1,0
PO,1,1,1,1
LO,1,1,1,0
MI,1,1,1,0
EX,1,0,1,0
UN,0,1,1,1
